tip	date	distance	residual
1959.M.CD.59.ZR59	1959.0	0.12049702858685876	-0.008479240057622767
1985.D.CD.85.Z2Z6	1985.0	0.23312972858685876	0.040292448021891136
1984.D.CD.84.84ZR085	1984.0	0.22528412858685876	0.0349030407880635
2001.D.TZ.01.A280	2001.0	0.25988050858685874	0.027744143763130502
2004.D.KR.04.04KBH8	2004.0	0.30652220858685875	0.0670172654646134
1993.D.KE.93.MB2059	1993.0	0.26932500858685876	0.05683818589251127
1998.D.UG.98.98UG57131	1998.0	0.29898956858685877	0.07422178206164853
1997.D.KE.97.ML415	1997.0	0.2876958885868588	0.06538429482782093
1999.D.UG.99.99UGB21875	1999.0	0.29115348858685874	0.06392950929547614
1998.D.UG.98.98UG57128	1998.0	0.3025809885868588	0.07781320206164855
2001.D.KE.01.NKU3006	2001.0	0.28983858858685874	0.0577022237631305
1999.D.TD.99.MN011	1999.0	0.21739590858685875	-0.00982807070452385
2001.D.CM.01.01CM0009BBY	2001.0	0.29116700858685873	0.0590306437631305
2001.D.CM.01.01CM0175BA	2001.0	0.22886000858685876	-0.0032763562368694765
1988.B.US.88.WR27	1988.0	0.22807117858685874	0.027865319723374
1998.B.US.98.98USHVTN3605	1998.0	0.23374097858685874	0.00897319206164851
1997.B.US.97.1013	1997.0	0.21353110858685875	-0.008780485172179109
1998.B.US.98.98USHVTN1925	1998.0	0.22713560858685874	0.0023678220616485113
1990.B.US.90.US2	1990.0	0.17482151858685877	-0.03029672580897161
1986.B.NL.86.3202A21	1986.0	0.17466714858685875	-0.02062632474428125
1987.B.AU.87.MBC925	1987.0	0.19051098858685875	-0.007238677510453623
1997.B.US.97.1001	1997.0	0.22087508858685875	-0.0014365051721791089
1984.B.US.84.5019	1984.0	0.17679221858685876	-0.0135888692119365
2004.B.AR.04.04AR151263	2004.0	0.24704811858685877	0.007543175464613416
1996.B.US.96.5155	1996.0	0.30618671858685875	0.08633131759399326
2001.B.CO.01.PCM013	2001.0	0.27302561858685875	0.04088925376313052
1996.B.US.96.1299	1996.0	0.21966789858685876	-1.875024060067343E-4
1987.B.US.87.5113	1987.0	0.20748589858685876	0.009736232489546387
2005.B.KR.05.05CSR3	2005.0	0.25168039858685876	0.009719262698441034
1996.B.AU.96.MBCC98	1996.0	0.20699601858685873	-0.012859382406006759
2002.B.YE.02.02YE507	2002.0	0.23084021858685874	-0.0037523390030418657
1990.B.US.90.US1	1990.0	0.21321731858685875	0.008099074191028371
1986.B.AU.86.MBC200	1986.0	0.19650663858685874	0.00121316525571874
1990.B.TH.90.BK132.AY173951	1990.0	0.19548784858685875	-0.009630395808971626
1987.B.US.87.BC	1987.0	0.21083664858685874	0.013086982489546373
1991.B.US.91.DH12	1991.0	0.21425744858685875	0.006683011424856
1989.B.EC.89.EC003	1989.0	0.20554084858685875	0.002878796957200752
2001.B.UY.01.01UYTRA1092	2001.0	0.21620838858685876	-0.01592797623686948
1986.B.US.86.AD87	1986.0	0.16111318858685875	-0.03418028474428125
1998.B.US.98.98USHVTN8229	1998.0	0.24956446858685874	0.024796682061648506
1986.B.GB.86.GB8	1986.0	0.19079526858685875	-0.004498204744281253
1996.B.TH.96.96THNP1538	1996.0	0.19439966858685875	-0.025455732406006737
1999.B.MM.99.mSTD101	1999.0	0.21910976858685877	-0.008114210704523839
2001.B.CO.01.PCM074	2001.0	0.28345206858685873	0.051315703763130494
1983.B.US.83.5157	1983.0	0.15447456858685876	-0.03345032644576412
1986.B.DE.86.HAN	1986.0	0.19461790858685876	-6.755647442812374E-4
1986.B.DE.86.D31	1986.0	0.17621188858685874	-0.01908158474428126
1988.B.GA.88.OYI	1988.0	0.19072048858685875	-0.009485370276625993
1983.B.US.83.5018	1983.0	0.15871088858685875	-0.029214006445764135
1997.B.KR.97.WK	1997.0	0.20164798858685878	-0.020663605172179078
2004.B.KR.04.04KMH5	2004.0	0.19612437858685877	-0.04338056453538658
2004.B.KR.04.04LHS6	2004.0	0.21026237858685878	-0.029242564535386567
1983.B.GB.83.CAM1	1983.0	0.19551489858685878	0.007590003554235891
2004.B.RU.04.04RU139089	2004.0	0.22731289858685877	-0.012192044535386581
2000.B.NL.00.671	2000.0	0.19823349858685876	-0.0314466734706971
2001B.UA.01.01UAKV252	2001.0	0.25366869858685875	0.021532333763130518
2002.B.AR.02.02AR114146	2002.0	0.25616344858685874	0.021570890996958136
1989.B.EC.89.EC102	1989.0	0.25886718858685875	0.05620513695720075
2004.B.JP.04.DR6089	2004.0	0.22037548858685876	-0.019129454535386586
1999.B.BR.99.BREPM11931	1999.0	0.22803358858685877	8.096092954761602E-4
1996.B.NL.96.H434	1996.0	0.21513384858685877	-0.004721552406006718
2005.B.JP.05.DR7060	2005.0	0.22464164858685876	-0.017319487301558967
1990.B.US.90.US4	1990.0	0.21661092858685876	0.01149268419102839
1983.B.US.83.RF	1983.0	0.18301812858685876	-0.004906766445764127
1997.K.CD.97.EQTB11C	1997.0	0.18726122858685876	-0.035050365172179104
1996.K.CM.96.MP535	1996.0	0.16732162858685876	-0.052533772406006735
1996.F1.FR.96.MP411	1996.0	0.21214362858685873	-0.007711772406006762
1993.F1.BE.93.VI850	1993.0	0.19672142858685873	-0.015765394107488756
2001.F1.BR.01.01BR087	2001.0	0.21467832858685873	-0.017458036236869506
1993.F1.BR.93.93BR020	1993.0	0.20244392858685875	-0.010042894107488737
2002.F1.AR.02.ARE933	2002.0	0.2181562185868587	-0.016436339003041894
1989.F1.BR.89.BZ163	1989.0	0.19916441858685877	-0.0034976330427992364
1989.F1.BR.89.BZ126	1989.0	0.19915991858685875	-0.0035021330427992547
1995.F2.CM.95.MP255	1995.0	0.23721661858685875	0.019817410360165627
1995.F2.CM.95.MP257	1995.0	0.19529911858685875	-0.02210008963983437
1997.F2.CM.97.CM53657	1997.0	0.19612212858685876	-0.0261894651721791
2002.F2.CM.02.02CM0016BBY	2002.0	0.19026232858685874	-0.04433022900304187
1994.A2.CY.94.94CY017	1994.0	0.16783588141314126	-0.047107134047378596
1997.A2.CD.97.97CDKTB48	1997.0	0.17662628141314124	-0.04568531234589662
2004.A.ZA.04.SK162B1	2004.0	0.23124818141314124	-0.00825676170910411
2001.A.SN.01.DDJ369	2001.0	0.21524798141314122	-0.016888383410587016
1996.A.SN.96.DDJ360	1996.0	0.21163998141314122	-0.00821541957972427
2001.A.SN.01.DDI579	2001.0	0.21932938141314123	-0.012806983410587003
1993.A1.RW.93.93RW037A	1993.0	0.16588238141314127	-0.04660444128120622
2000.A1.KE.00.KER2008	2000.0	0.25855608141314124	0.028875909355585372
1998.A1.UG.98.98UG57142	1998.0	0.22547368141314122	7.058948879309912E-4
1992.A1.RW.92.92RW025A	1992.0	0.22762165141314122	0.017591021484966107
1993.A1.RW.93.93RW024	1993.0	0.22446130141314125	0.011974478718793757
1992.A1.RW.92.92RW008	1992.0	0.21179920141314124	0.0017685714849661194
2001.A1.TZ.01.A341	2001.0	0.23763511141314125	0.005498746589413017
1994.A1.SE.94.SE7535	1994.0	0.2028488114131412	-0.012094204047378654
1994.A1.KE.94.Q23	1994.0	0.19927716141314122	-0.015665854047378636
1997.A1.TZ.97.97TZ02	1997.0	0.23046206141314124	0.008150467654103377
1986.A1.KE.86.ML170	1986.0	0.17480305141314129	-0.020490421917998713
2001.A1.TZ.01.A195	2001.0	0.2625516014131412	0.030415236589412975
1999.A1.KE.99.KNH1135	1999.0	0.2583084214131412	0.031084442121758593
2001.A1.TZ.01.A173	2001.0	0.21973609141314127	-0.01240027341058697
1997.A1.KE.97.ML752	1997.0	0.21100353141314127	-0.011308062345896597
1995.A1.SE.95.SE8538	1995.0	0.22803713141314125	0.010637923186448128
1997.A1.KE.97.ML605	1997.0	0.20706790141314124	-0.01524369234589662
1997.A1.TZ.97.97TZ03	1997.0	0.22848090141314126	0.006169307654103395
2000.A1.KE.00.MSA4079	2000.0	0.23525469141314126	0.0055745193555853945
1998.A1.UG.98.98UG57136	1998.0	0.22936179141314122	0.004594004887930991
1999.A1.UG.99.99UGA07072	1999.0	0.21754749141314123	-0.00967648787824138
1998.A1.UG.98.98UG57135	1998.0	0.24881854141314125	0.024050754887931014
1995.A1.SE.95.SE8891	1995.0	0.23262654141314126	0.015227333186448144
1994.A1.SE.94.SE7253	1994.0	0.1991390314131412	-0.01580398404737865
1992.A1.UG.92.UG029	1992.0	0.23353307141314122	0.023502441484966108
2000.A1.KE.00.NKU3005	2000.0	0.20361945141314125	-0.026060720644414614
1999.A1.UG.99.99UGG03379	1999.0	0.25764455141314124	0.030420572121758638
1992.A1.UG.92.92UG037	1992.0	0.22614705141314123	0.016116421484966115
1995.A1.SE.95.UGSE8131	1995.0	0.2227196414131412	0.0053204331864480925
1998.A1.UG.98.98UG57134	1998.0	0.25276594141314124	0.027998154887931004
1999.A1.KE.99.KNH1088	1999.0	0.20806964141314122	-0.01915433787824139
1960.DRC60N	1960.0	0.15262608141314127	0.021193620002487368
1960.DRC60A	1960.0	0.15557858141314124	0.024146120002487337
2002.A.CD.02.KTB035	2002.0	0.21309818141314124	-0.021494376176759367
1997.A.CD.97.KTB13	1997.0	0.22851798141314128	0.006206387654103418
1997.A.CD.97.KCC2	1997.0	0.23004568141314125	0.007734087654103383
1995.U.NL.95.H10986	1995.0	0.16011541858685874	-0.05728378963983438
1993.J.SE.93.SE7887	1993.0	0.22541011858685872	0.012923295892511233
1994.J.SE.94.SE7022	1994.0	0.22672071858685877	0.011777703126338912
1993.H.BE.93.VI991	1993.0	0.13263901858685873	-0.07984780410748876
1990.H.CF.90.056	1990.0	0.17533861858685873	-0.029779625808971644
1993.H.BE.93.VI997	1993.0	0.18536321858685872	-0.027123604107488763
1990.U.CD.90.90CD121E12	1990.0	0.17894162858685875	-0.026176615808971626
1983.U.CD.83.83CD003	1983.0	0.18704252858685874	-8.823664457641434E-4
1998.C.TZ.98.98TZ017	1998.0	0.18618352858685877	-0.03858425793835146
1999.C.BW.99.99BWMC168	1999.0	0.21744172858685876	-0.009782250704523848
2002.C.ZM.02.02ZM114	2002.0	0.23759145858685876	0.0029989009969581537
1996.C.ZM.96.96ZM751	1996.0	0.21195001858685875	-0.007905382406006745
2000.C.BW.00.00BW07621	2000.0	0.21719011858685877	-0.012490053470697093
2000.C.BW.00.00BW16162	2000.0	0.26725681858685874	0.03757664652930287
2001.C.TZ.01.A301	2001.0	0.20619714858685875	-0.025939216236869483
2001.C.TZ.01.A125	2001.0	0.23678649858685874	0.004650133763130504
1998.C.ZA.98.98ZA445	1998.0	0.24430949858685874	0.01954171206164851
1998.C.BW.98.98BWMO1410	1998.0	0.20917939858685874	-0.015588387938351489
1998.C.ZA.98.98ZA528	1998.0	0.23426619858685876	0.009498412061648531
2003.C.GE.03.03GEMZ033	2003.0	0.21660428858685876	-0.020444461769214217
2002.C.TZ.02.CO3056	2002.0	0.23437162858685873	-2.209290030418809E-4
2005.C.ZA.05.05ZASK246B1	2005.0	0.23899475858685876	-0.0029663773015589645
2001.C.ZA.01.2134MB	2001.0	0.2495768585868588	0.01744049376313056
2000.C.ZA.00.1119MB	2000.0	0.26375307858685876	0.03407290652930289
2004.C.ZA.04.04ZAPS161B1	2004.0	0.24937207858685878	0.00986713546461343
2000.C.KE.00.KER2010	2000.0	0.22491040858685873	-0.00476976347069713
1999.C.ZA.99.DU422	1999.0	0.23362790858685872	0.0064039292954761184
2005.C.ZA.05.05ZASK243B1	2005.0	0.25298960858685876	0.011028472698441039
1998.C.CN.98.YNRL9840	1998.0	0.20462514858685876	-0.02014263793835147
1994.C.IN.94.94IN11246	1994.0	0.22320604858685877	0.008263033126338915
1993.C.IN.93.93IN101	1993.0	0.20584124858685876	-0.006645574107488728
1996.C.ZM.96.96ZM651	1996.0	0.20398817858685875	-0.015867222406006742
1997.C.TZ.97.97TZ05	1997.0	0.21914726858685876	-0.0031643251721791
2002.C.ZA.02.02ZAPS008MB1	2002.0	0.22705226858685876	-0.00754028900304185
1999.C.IL.99.99ET14	1999.0	0.21080456858685875	-0.01641941070452385
1991.C.KE.91.KNH1268	1991.0	0.24785299858685877	0.04027856142485603
2004.C.BR.04.04BR013	2004.0	0.19695039858685875	-0.042554544535386596
2001.C.AR.01.ARG4006	2001.0	0.19724894858685876	-0.03488741623686947
1998.C.BR.98.98BR004	1998.0	0.20473172858685876	-0.020036057938351476
1992.C.BR.92.BR025	1992.0	0.19304282858685876	-0.01698780134131636
